Time Period,predictions
2023-10-01,243321466
2024-01-01,248251663
2024-04-01,253180593
2024-07-01,258108255
2024-10-01,263034649
